lastAccountName: Joutix
timestamps:
  login: 1585833763348
  logout: 1585833763306
ipAddress: 192.168.1.254
logoutlocation:
  world: world
  x: 216.12580977757196
  y: 90.5
  z: 226.0441320865918
  yaw: 229.50629
  pitch: 16.200026
