lastAccountName: Lamacsgo
timestamps:
  login: 1585835784159
  logout: 1585834198087
ipAddress: 83.154.88.235
lastlocation:
  world: world
  x: 214.73326612057434
  y: 4.0
  z: 217.78157209581045
  yaw: 181.37914
  pitch: 0.90012825
logoutlocation:
  world: world
  x: 214.84383979020137
  y: 90.0
  z: 236.30000001192093
  yaw: 128.98746
  pitch: 18.299816
