lastAccountName: Im_SkyDiiNaL
timestamps:
  login: 1585843451682
  logout: 1585843704361
ipAddress: 91.160.139.173
lastlocation:
  world: world
  x: 213.17696427091155
  y: 5.249187078744681
  z: 242.78211661376096
  yaw: 165.60577
  pitch: 0.18104076
logoutlocation:
  world: world
  x: 205.78142045510592
  y: 100.19387303630326
  z: 215.88308791419553
  yaw: -292.25116
  pitch: 16.595787
