lastAccountName: Joutix
timestamps:
  login: 1585843451682
  lastteleport: 1585834062944
  logout: 1585843702788
ipAddress: 192.168.1.254
lastlocation:
  world: world
  x: 220.5
  y: 90.0
  z: 230.5
  yaw: 45.09662
  pitch: 15.900097
logoutlocation:
  world: world
  x: 196.68210270089503
  y: 93.0
  z: 240.01424616490127
  yaw: 272.86523
  pitch: 20.54988
